240.609200 235.018929 253.118934 234.912436 3.803067 0.125000 2.780120 
215.141781 241.555319 252.071166 249.739885 5.020051 0.125000 39.308949 
271.946071 234.087281 260.573465 234.927222 4.292233 0.125000 5.378256 
256.884326 243.756589 235.620311 243.435922 3.938055 0.125000 31.464149 
263.080805 204.102547 234.389450 202.805394 4.141362 0.125000 28.065647 
205.337559 112.880520 218.214594 116.561585 4.463865 0.125000 6.768317 
167.799005 112.944709 155.315566 109.140367 3.848989 0.125000 2.552582 
276.126481 247.251641 263.168388 244.191286 5.153443 0.125000 2.929778 
351.818251 253.796294 389.568129 250.094442 4.878240 0.125000 70.116721 
282.032604 190.193602 251.536248 179.052240 5.147268 0.125000 28.401107 
310.590628 146.254430 324.367804 147.006782 3.608103 0.125000 4.786790 
328.167607 220.787746 309.348538 220.050276 4.138697 0.125000 17.293135 
244.779881 196.280781 264.122052 200.527172 5.032447 0.125000 21.239201 
352.267596 333.678912 365.915259 330.708693 5.151456 0.125000 10.183693 
129.376324 119.371874 113.964534 112.844090 4.428070 0.125000 9.793501 
87.315582 243.400145 71.106840 236.074674 4.446809 0.125000 15.765321 
160.044345 103.132888 174.233034 109.682545 4.539671 0.125000 5.638039 
286.518159 246.042110 311.702118 251.432679 4.713471 0.125000 38.559897 
107.060922 109.605793 90.672212 106.616188 4.694508 0.125000 21.652448 
106.836344 39.853989 128.158090 38.784990 3.185377 0.125000 22.947129 
403.756382 232.541250 412.010315 235.205844 4.374181 0.125000 4.674429 
187.036402 48.364664 175.871643 46.581081 3.703046 0.125000 2.861415 
221.990948 115.492329 211.187731 106.050825 5.995280 0.125000 4.479222 
290.827831 251.623116 279.447762 250.086225 3.716263 0.125000 2.168702 
294.409115 288.859547 273.087053 287.448338 4.411227 0.125000 22.610437 
215.963854 237.396105 203.773910 231.729156 6.035252 0.125000 3.436664 
264.119763 239.078030 276.720292 242.452663 4.183040 0.125000 4.962953 
245.789037 178.906223 236.824501 175.769313 3.952411 0.125000 0.368612 
393.319978 242.289536 348.062433 247.590862 5.469656 0.125000 63.448647 
420.610797 290.573728 431.506065 287.555705 6.226761 0.125000 6.903002 
231.874304 252.188934 216.874378 252.155681 3.766617 0.125000 17.112230 
231.980610 212.111334 244.727992 206.414923 4.564941 0.125000 12.184220 
328.352354 272.136465 307.077739 267.243490 4.690109 0.125000 17.802622 
379.172442 323.580295 363.016229 327.698254 4.536359 0.125000 22.683926 
75.636505 245.972087 63.108836 246.387350 4.037824 0.125000 9.653030 
217.174866 251.360142 206.561367 246.280283 4.654656 0.125000 8.812704 
238.106273 331.880671 251.890492 332.086245 2.667483 0.125000 9.992854 
179.536025 383.015978 199.491389 380.199696 4.411925 0.125000 13.982851 
211.918426 159.482234 219.666403 156.344575 4.414191 0.125000 3.650567 
249.195025 316.363997 255.957222 318.010863 3.314285 0.125000 0.562314 
272.167605 198.018867 248.185543 192.844403 4.862240 0.125000 23.207262 
187.557601 108.593820 169.905877 102.766815 4.379108 0.125000 7.721846 
334.703636 194.959653 319.299237 192.316563 4.927987 0.125000 12.789852 
149.461851 82.653494 136.840038 84.061616 2.691146 0.125000 1.091657 
144.248805 95.927024 156.224867 100.930976 4.716298 0.125000 3.554272 
45.628914 214.606100 58.146496 214.394076 5.083961 0.125000 7.771422 
279.350144 298.614003 261.831868 297.723541 5.310834 0.125000 17.381617 
330.814564 157.601205 318.162187 153.022248 6.302351 0.125000 5.247165 
263.449778 138.436134 251.857354 134.426011 3.499319 0.125000 6.197582 
285.090607 180.246323 273.359269 175.091818 4.716372 0.125000 12.184220 
350.760028 177.642346 362.677026 180.976269 5.008582 0.125000 6.176623 
257.792946 301.031675 250.231135 294.857376 4.663534 0.125000 2.346723 
234.541419 243.447457 227.120032 238.333377 4.117131 0.125000 0.368612 
261.779915 188.765949 271.927466 190.271337 4.395583 0.125000 3.814480 
256.493199 290.264642 277.173036 293.954782 5.009186 0.125000 18.264369 
95.422452 241.681861 87.895287 242.738317 4.061077 0.125000 0.199242 
185.773514 301.294265 197.951239 298.591960 4.744126 0.125000 11.338880 
237.967411 393.862096 250.882286 389.894019 6.154479 0.125000 1.004294 
289.201660 157.115927 298.522738 163.822180 4.949456 0.125000 3.283813 
380.684262 202.593977 344.191267 198.521343 5.251902 0.125000 43.457918 
79.479156 334.123424 90.675287 334.900037 2.923500 0.125000 1.091657 
375.298907 183.722495 389.047102 191.225802 5.289029 0.125000 11.046131 
226.767478 191.309654 236.909945 192.902486 3.273525 0.125000 2.025455 
292.068457 261.328733 305.810818 257.550943 4.489814 0.125000 4.322397 
354.376818 343.336089 328.128765 343.562135 6.282062 0.125000 22.252861 
384.160620 192.777086 348.442566 184.288719 5.971879 0.125000 45.981776 
363.279050 183.858345 374.552331 184.841363 4.763925 0.125000 7.137780 
64.298146 294.532741 82.896410 303.594173 4.033553 0.125000 9.743151 
172.683830 147.336983 163.424554 137.833154 4.430561 0.125000 2.030119 
94.015046 218.097478 103.083038 220.767512 3.678441 0.125000 1.091657 
141.853922 106.917689 156.891140 114.342312 3.943894 0.125000 1.057806 
219.378772 150.679848 208.096172 151.455854 4.084246 0.125000 1.209611 
219.412159 156.768316 231.386391 160.939019 5.491068 0.125000 3.671840 
266.813461 304.628660 295.610337 303.839759 5.066588 0.125000 31.419833 
2.763415 0.623829 2.607199 215.626440 3.904397 0.125000 447.096501 
92.783041 102.070788 111.939637 106.601719 5.506764 0.125000 20.979524 
159.903167 92.000301 177.738556 101.361287 5.118208 0.125000 13.397950 
346.552132 93.766329 360.534182 100.805396 3.934587 0.125000 0.006467 
100.670911 268.020099 87.884679 262.424106 4.294961 0.125000 6.768317 
163.102823 68.180530 179.917791 74.895835 4.413442 0.125000 12.180207 
375.494942 269.282175 350.487395 271.704255 5.540087 0.125000 9.335201 
368.107349 240.487392 397.180691 236.758244 4.767935 0.125000 23.688708 
115.354468 198.766089 130.754585 200.969169 6.009994 0.125000 7.338120 
245.492601 206.134007 257.552359 209.270892 5.153650 0.125000 4.322397 
2.498775 225.619971 2.559176 248.126519 3.807015 0.125000 25.098917 
146.768063 386.115348 154.639961 385.007214 4.061879 0.125000 3.790522 
315.621059 351.639266 325.660044 351.471454 2.541260 0.125000 0.264690 
86.896750 249.268809 100.830303 252.122620 5.370454 0.125000 5.026040 
277.285799 224.273128 251.965010 216.578791 4.678301 0.125000 19.548781 
329.435885 135.688866 316.881246 135.375093 5.185825 0.125000 4.418097 
2.580133 251.870381 2.694815 269.377818 3.823611 0.125000 4.122762 
226.614173 127.863515 209.636526 123.383838 3.584539 0.125000 0.731190 
344.032678 147.673902 362.073309 150.688058 4.728680 0.125000 3.774800 
229.282889 378.921835 240.818521 376.577073 3.674854 0.125000 6.197582 
359.361175 206.542731 383.173969 205.551960 5.203531 0.125000 17.842199 
418.101352 237.855213 393.183236 240.039386 4.936316 0.125000 26.171217 
114.224938 109.242549 124.212701 110.583680 4.049351 0.125000 2.027522 
131.911684 207.997994 115.579987 203.280843 4.643322 0.125000 15.889424 
175.944971 82.852650 169.000418 74.693833 4.617702 0.125000 3.970373 
330.618190 185.653511 381.644047 197.841871 5.842713 0.125000 62.368218 
146.742387 236.498848 159.331842 238.409388 4.645295 0.125000 3.283813 
211.377107 101.379928 223.535135 109.398441 4.884526 0.125000 10.826294 
245.636027 128.107848 233.379784 120.228677 5.933291 0.125000 4.856439 
412.023770 187.362264 373.284684 179.806308 5.477266 0.125000 36.715740 
224.007952 228.818587 233.944257 234.076903 5.133056 0.125000 4.837705 
155.579969 108.371093 142.740140 101.506747 5.435461 0.125000 12.789852 
51.887995 161.654246 25.581986 160.105693 5.211728 0.125000 10.005661 
273.340149 179.953591 280.141731 182.133120 4.380057 0.125000 1.059188 
196.891801 42.084074 185.614177 42.990309 3.737951 0.062500 1.354911 
120.735891 28.800837 134.456920 31.450842 4.909278 0.125000 5.869643 
320.031358 211.598360 325.698209 215.054515 4.919591 0.125000 1.921177 
353.740329 239.743632 359.773306 242.109181 5.316434 0.125000 1.921177 
326.864927 336.635579 350.625458 335.635894 5.403753 0.125000 22.889805 
287.023639 262.514449 267.886310 257.855442 4.858106 0.125000 12.846427 
300.757546 265.266306 290.620380 264.431067 4.045269 0.125000 7.127134 
272.459162 190.510887 280.767850 195.381304 3.867281 0.125000 1.091657 
218.139885 117.085503 226.210558 123.910692 3.741227 0.125000 1.196505 
298.077012 297.785099 281.798525 300.083320 4.586896 0.125000 12.617011 
246.644402 105.151379 257.664737 108.424614 4.793048 0.125000 4.365669 
337.930607 246.078768 280.465579 239.522257 5.076110 0.125000 62.950709 
299.373494 308.614464 280.626043 308.651582 5.007415 0.125000 29.329966 
99.226575 185.897316 106.146165 189.668815 4.309891 0.125000 1.091657 
319.659150 205.921923 305.658390 204.116123 4.518687 0.125000 6.972588 
2.540261 326.872936 3.005662 476.879248 4.199849 0.125000 276.011116 
72.711611 228.294292 90.521142 233.481578 4.497591 0.125000 16.852455 
208.166573 218.409203 227.060826 215.645342 3.861798 0.125000 13.287523 
356.875014 236.872787 338.133947 236.750779 3.782471 0.125000 6.648375 
375.688419 301.101827 387.069596 299.588100 4.956354 0.125000 10.466114 
28.092079 127.187928 40.612853 127.451663 3.933436 0.125000 8.774818 
199.097675 14.407247 210.361486 16.843391 4.193737 0.125000 3.156946 
2.632869 296.905012 2.237483 306.889355 3.895449 0.125000 2.861415 
251.414180 135.032284 245.860110 127.637236 5.250504 0.125000 3.970373 
205.009091 40.754550 229.465138 51.673103 4.076719 0.125000 19.604747 
107.261165 30.567276 114.191416 25.989402 4.841832 0.125000 5.386199 
243.523654 118.900450 254.311322 127.962827 5.742594 0.125000 2.035179 
290.226936 199.637957 282.837433 193.259936 4.731354 0.125000 2.346723 
293.024128 234.900126 299.496682 233.999414 3.886497 0.125000 1.465404 
438.514782 291.550546 429.741515 295.245298 5.214945 0.125000 1.209611 
195.122323 120.321808 238.113539 143.146587 5.167138 0.125000 49.482453 
252.683646 220.522685 268.263759 226.514174 5.564150 0.125000 5.521569 
63.664412 48.179510 75.490728 54.621499 3.596556 0.125000 1.209611 
254.983190 237.877556 262.292784 240.846361 4.415116 0.125000 1.091657 
416.127152 286.823168 400.150349 291.505382 5.707908 0.125000 23.345978 
364.918171 282.047282 356.706348 285.183388 4.670962 0.125000 3.635260 
291.707385 293.132528 298.175692 293.994687 3.422429 0.062500 0.646272 
206.411597 119.109595 185.643760 109.335141 4.190818 0.125000 9.210461 
36.875173 286.874332 56.834794 292.030634 4.256113 0.125000 12.852137 
293.555611 170.008263 287.593725 165.845617 4.912186 0.125000 1.091657 
429.664247 281.091844 422.909393 285.277010 4.133563 0.125000 0.199242 
100.461441 365.861405 130.754882 363.672515 5.361787 0.125000 35.487080 
384.435846 210.751760 377.893277 213.892253 3.296622 0.125000 0.562314 
167.340575 348.518059 159.893221 344.471917 5.682049 0.125000 1.209611 
87.080341 58.548127 79.138839 56.575983 5.455143 0.125000 1.539944 
410.383077 302.272979 396.673590 306.165660 5.314546 0.125000 12.789852 
68.565664 334.601710 76.801828 331.669473 5.468731 0.125000 0.700965 
386.480811 292.000409 370.057845 297.756951 5.132012 0.125000 19.311133 
160.354625 5.882482 189.729058 11.150939 4.192782 0.125000 15.053168 
186.271332 102.868563 195.990372 108.773643 4.313591 0.125000 3.352727 
262.947477 262.153793 273.137470 268.642344 4.983554 0.125000 3.283813 
364.553929 226.288242 347.942721 221.222744 5.350835 0.125000 10.095129 
243.400257 413.879533 257.145088 408.865365 4.490549 0.125000 14.728926 
297.816641 362.810805 307.272770 353.530298 3.868783 0.125000 1.539944 
424.231434 310.294351 404.207287 318.988739 5.536880 0.125000 33.519770 
58.051950 76.678513 79.372789 78.156888 4.086884 0.125000 22.396294 
79.356941 77.898877 91.900942 77.745410 6.356575 0.125000 1.004294 
250.046292 389.787335 259.402965 393.044670 4.363470 0.125000 2.990107 
25.454378 200.245356 14.797904 205.034668 4.842357 0.125000 4.593968 
94.331670 351.453010 108.174587 352.177410 3.084493 0.125000 4.786790 
207.160310 328.641775 199.725820 332.746338 3.510938 0.062500 0.691227 
204.792632 336.748221 211.100172 334.402972 4.521430 0.125000 0.199242 
396.246500 285.906289 411.443411 281.601418 6.173453 0.125000 17.013126 
132.538178 230.819329 120.863460 223.485206 5.292351 0.125000 3.557423 
308.720837 119.267116 320.426441 125.971668 4.496569 0.125000 11.338880 
12.231841 166.093415 14.442757 158.509144 4.800198 0.125000 3.650567 
96.875840 309.213948 113.118880 309.298650 6.282506 0.125000 9.107186 
126.136586 154.323219 116.197825 150.417391 3.947360 0.125000 2.861415 
252.419099 25.089358 241.189845 13.806925 4.417317 0.125000 4.418097 
101.531594 282.925946 114.360976 271.858743 4.435998 0.125000 7.441007 
123.200973 353.630588 135.792327 351.738537 3.708367 0.125000 7.914269 
349.252396 127.961953 361.981936 126.857463 4.276221 0.125000 0.829819 
11.826593 243.921214 38.176772 241.110332 5.236973 0.125000 24.674878 
382.530032 155.865614 392.877276 159.995641 3.555375 0.125000 1.196505 
144.006634 42.621797 164.686441 46.436776 4.594860 0.125000 14.382850 
306.893315 263.332015 323.236572 261.886137 4.836975 0.125000 10.264786 
66.891041 43.590119 56.816804 43.937556 5.126281 0.125000 6.427840 
304.728053 173.412425 296.500928 170.394882 4.381528 0.125000 1.196505 
235.018722 281.782022 233.906483 274.081576 4.055179 0.125000 1.059188 
374.574227 254.752153 365.151906 259.729395 4.086932 0.062500 1.354911 
179.758294 344.762728 188.558324 336.063337 3.809594 0.125000 0.174973 
180.595908 309.506733 189.465435 311.465501 2.737800 0.125000 0.562314 
284.388854 189.065944 295.616293 189.569236 3.914170 0.125000 4.487502 
422.941358 249.964022 435.565124 251.224609 4.230025 0.125000 10.499870 
174.752634 38.205738 186.633111 45.993986 4.216445 0.125000 1.574135 
266.560499 251.901806 276.859335 254.438598 5.153851 0.125000 9.613945 
390.972939 280.222780 379.217038 282.172623 4.523549 0.125000 6.427840 
193.043812 251.240154 209.339904 253.390915 4.699102 0.125000 15.668239 
285.252726 229.996439 292.607459 234.402301 3.641800 0.125000 1.059188 
305.702396 254.185814 294.350781 253.575348 4.147341 0.125000 17.721024 
352.142331 155.125171 342.807096 150.132262 4.485810 0.125000 3.814480 
3.466654 218.531602 15.718744 208.236565 6.546169 0.125000 1.936380 
254.815258 90.760018 265.922675 97.253899 4.233575 0.125000 1.471334 
371.913308 214.203685 363.047588 212.221184 3.659619 0.125000 0.199242 
418.047013 356.581232 434.777152 352.139861 4.586647 0.125000 8.972742 
69.193846 90.764463 83.194770 92.589857 3.578339 0.125000 1.992858 
210.225088 181.156472 218.617044 187.471087 5.508251 0.125000 0.090543 
415.045838 259.898243 396.428991 265.352712 4.653095 0.125000 17.996234 
300.282080 233.724471 308.626720 238.497927 5.894073 0.125000 2.512621 
190.477714 353.930547 199.854873 350.823071 4.746179 0.125000 0.430669 
196.876317 422.410198 206.519388 415.650984 4.917069 0.125000 8.907553 
250.573666 340.321224 240.851300 341.964165 3.905857 0.125000 1.937150 
272.753345 350.833959 281.385005 345.637391 4.709794 0.125000 3.156946 
400.990150 296.895137 413.531679 293.289595 7.042816 0.125000 7.016946 
134.404581 239.555624 145.958826 237.663394 4.934268 0.125000 2.512621 
331.034472 148.975588 337.946385 155.805752 4.445629 0.125000 1.350497 
80.854814 161.645531 64.418891 159.092447 3.429716 0.125000 4.593968 
138.321782 389.858607 147.337642 386.190008 3.790700 0.125000 0.368612 
205.076897 137.591216 219.363024 148.524047 4.963370 0.125000 14.989551 
264.275509 203.753954 278.267177 201.512506 4.050344 0.125000 5.964447 
61.772586 240.018898 74.545897 242.050538 3.647058 0.125000 3.970373 
419.394189 317.042438 428.313551 316.020254 4.294902 0.125000 2.027522 
222.407384 145.318458 216.838180 135.646201 4.497253 0.125000 0.700965 
318.526251 369.256199 327.086031 366.219935 5.548087 0.125000 3.352727 
131.840649 34.923362 109.325623 35.319647 4.933233 0.125000 24.183831 
296.877956 421.881650 305.460323 418.066461 4.714523 0.125000 0.736873 
358.125822 297.964421 345.624665 297.960557 5.002318 0.125000 5.094255 
73.353191 139.381121 62.025779 137.303098 4.590646 0.125000 2.780120 
97.741893 54.655222 128.033835 62.239135 3.639475 0.125000 20.849265 
159.666704 298.672912 147.931588 296.919314 4.760355 0.125000 9.653030 
219.083108 393.853961 209.758267 399.077848 4.624788 0.125000 2.552582 
239.394667 154.670353 253.249705 153.747767 5.404211 0.125000 7.937451 
364.298153 343.167763 380.641070 342.127453 5.228125 0.125000 7.119411 
297.647746 347.377164 310.176794 339.381376 5.469699 0.125000 15.221772 
281.601952 335.167245 274.726156 343.646096 6.008875 0.125000 1.057806 
130.489271 400.544214 116.754653 401.945034 4.974195 0.125000 8.572975 
235.052123 134.077671 222.724776 128.683132 4.795937 0.125000 3.834420 
283.088873 283.882730 294.385855 283.648483 3.930589 0.125000 7.974249 
311.888503 5.596467 324.517836 11.573174 2.049297 0.125000 1.144479 
311.126667 295.965762 320.939183 292.871259 4.079228 0.125000 0.535753 
377.545333 170.804751 400.147928 179.968569 5.792067 0.125000 19.335146 
391.870493 234.553090 378.129294 234.205340 2.783814 0.125000 0.174973 
38.092995 241.105409 53.089229 240.867760 3.927789 0.125000 5.772621 
76.981779 83.605387 63.151156 81.686480 4.229771 0.125000 8.078753 
250.640142 354.958795 241.837867 354.758728 3.919455 0.125000 1.196505 
321.277217 345.380932 301.923380 349.597083 5.151488 0.125000 17.244024 
324.754633 147.194690 331.424260 149.916373 5.361161 0.062500 1.805483 
435.598581 237.538445 424.315170 238.046664 3.914936 0.125000 2.168702 
99.136334 396.351073 107.233709 392.662449 4.550138 0.125000 5.386199 
110.624948 83.125304 121.762387 85.032594 3.493176 0.125000 0.535753 
379.189438 348.243895 368.234280 350.041127 4.934045 0.125000 7.974249 
405.639836 221.135571 426.908200 220.517568 4.816358 0.125000 14.382850 
20.825722 184.563430 10.942703 182.694745 5.676715 0.125000 2.030119 
35.264563 138.170104 50.477763 142.404046 4.618138 0.125000 15.668239 
164.216675 130.848669 170.981537 135.637212 4.505176 0.125000 2.785084 
200.865604 387.610784 190.354547 391.047935 2.854802 0.125000 1.059188 
234.675214 164.579002 255.633792 170.594369 5.829582 0.125000 7.960751 
288.482611 225.380039 302.266566 220.475468 2.283013 0.125000 1.921177 
73.081277 52.380648 94.411438 52.911860 3.935562 0.125000 10.561379 
401.481720 312.241344 414.815823 306.306869 5.459050 0.125000 20.686370 
145.367206 54.296059 156.217266 56.684567 4.258081 0.125000 1.209611 
58.131820 136.313850 48.118108 136.192156 3.856052 0.125000 6.221670 
54.219892 257.806690 63.129992 256.925471 7.094508 0.125000 2.192143 
405.487384 277.487916 396.611509 279.405183 3.665460 0.062500 1.201961 
68.123496 364.449014 100.635473 365.109468 6.477198 0.125000 34.416951 
99.381161 360.533971 81.792527 359.343505 4.988586 0.125000 15.582342 
224.956975 123.374727 242.377959 133.510535 4.144952 0.125000 11.292404 
271.896343 210.613701 277.642660 221.468620 5.588663 0.125000 2.508773 
163.595292 213.631715 174.267014 218.368296 4.441757 0.125000 3.352727 
134.326635 439.708315 145.522293 441.332827 4.429126 0.125000 1.992858 
162.566562 87.400180 149.482423 82.818245 4.305874 0.125000 11.338880 
115.388077 282.695465 104.119164 288.911177 6.680145 0.125000 12.616464 
90.921028 85.795350 80.026401 82.808164 3.616519 0.125000 3.635260 
110.843017 136.471046 96.015088 128.468290 4.137985 0.125000 4.878512 
378.129839 235.935130 363.113990 236.169447 2.675227 0.125000 1.937150 
20.666116 238.940198 10.502833 239.452797 4.930687 0.125000 7.137780 
323.570011 234.857815 302.920426 230.302310 5.008384 0.125000 13.681996 
357.622634 217.325221 369.328069 220.783835 5.857669 0.125000 6.130595 
104.719943 247.402529 116.029199 245.207878 4.706760 0.125000 2.246087 
118.069317 438.680101 127.969696 439.673220 4.850270 0.125000 0.174973 
150.831250 291.960364 159.529811 293.500826 5.141367 0.125000 0.963424 
384.683783 108.274489 391.543895 117.991270 4.505328 0.125000 3.571136 
432.591279 325.608999 424.660100 330.212679 4.672210 0.125000 2.168702 
148.277725 396.930578 136.746844 398.279448 4.820904 0.125000 4.593968 
175.118724 441.847288 183.724804 436.610759 5.152838 0.125000 5.606004 
219.388260 424.472908 187.869929 428.741699 5.818808 0.125000 33.300156 
297.158583 186.563876 288.022959 178.236951 5.461180 0.125000 7.430280 
317.776345 169.221155 326.882520 170.574396 4.761947 0.125000 3.697963 
424.307822 272.692348 408.250847 275.185508 4.089175 0.125000 10.684053 
180.283907 171.207238 189.415546 172.907202 3.686661 0.125000 1.091657 
198.214743 239.973122 208.361420 238.450707 5.501077 0.125000 5.772621 
39.579053 148.356145 30.444413 146.526689 4.658867 0.125000 5.341656 
261.453930 362.768329 267.353744 357.293826 4.581468 0.125000 1.350497 
286.697840 381.780701 292.957485 389.510652 3.748498 0.125000 2.785084 
329.039088 353.336977 347.077163 347.499715 5.457435 0.125000 12.929675 
231.880644 338.972738 236.924305 331.502214 5.206304 0.125000 1.756059 
93.348511 207.507739 107.535960 202.496117 5.476789 0.125000 2.038042 
420.748596 298.953842 412.864709 300.129483 3.708989 0.125000 0.199242 
163.241564 398.978516 195.816842 394.529721 3.939162 0.125000 40.241343 
94.311451 44.748215 86.760518 45.295506 4.101640 0.125000 0.248831 
103.095904 378.903684 113.211687 378.279190 4.050961 0.125000 0.174973 
210.261854 54.627706 202.540429 43.531791 4.282996 0.125000 2.512621 
209.988993 415.472164 216.712031 406.433547 5.993002 0.125000 6.130595 
227.109861 226.580261 218.867258 220.012191 4.887946 0.125000 0.700965 
255.999871 360.998861 245.368387 371.618091 5.305339 0.125000 4.924565 
391.933477 199.285701 383.517991 193.774870 5.154489 0.125000 4.786790 
338.321945 156.120028 351.806481 159.637662 4.838093 0.125000 5.361572 
402.692740 190.202067 412.644252 195.403148 3.902455 0.125000 2.346723 
4.248787 350.279296 13.878026 346.763761 4.268086 0.125000 0.174973 
78.660915 56.770941 66.881853 59.405639 4.382872 0.125000 0.225124 
164.337854 37.388308 174.465731 38.121230 3.830442 0.125000 0.535753 
385.461969 125.816057 394.334633 133.387190 4.196414 0.125000 2.552582 
396.002774 307.017908 378.152783 309.569366 6.541574 0.125000 12.557902 
120.716859 12.729029 142.893330 17.873643 4.023215 0.125000 6.292901 
348.297631 398.788180 335.441272 397.579895 6.147702 0.125000 9.243366 
90.642946 191.842435 82.776510 187.507372 3.887615 0.125000 0.248831 
395.658807 248.411044 415.674683 246.045367 4.525290 0.125000 13.097585 
15.751217 265.963666 27.265378 261.672463 4.961781 0.125000 2.790099 
181.816696 377.687265 169.207409 379.366761 4.047245 0.125000 10.499870 
143.752605 49.229017 133.096552 44.438277 4.330390 0.125000 7.067068 
299.018821 101.362298 311.780972 103.649628 3.470663 0.062500 0.539861 
396.932970 322.472719 381.719856 321.120691 6.225463 0.125000 19.614434 
304.864783 35.716979 289.450124 29.197380 4.118125 0.125000 10.183693 
362.468507 383.520186 355.935492 393.331741 5.549945 0.125000 3.834420 
204.936935 175.576785 192.130952 170.033685 3.287381 0.125000 3.697963 
100.806182 258.925652 85.736179 252.849266 2.804672 0.125000 5.378256 
282.390924 164.932323 268.157725 154.331063 5.268228 0.125000 8.475869 
361.408444 127.245457 368.097391 134.331084 4.392143 0.125000 0.736873 
116.669178 408.067532 143.436505 403.853813 5.259434 0.125000 26.472731 
87.296017 207.205708 73.563893 200.916675 5.161930 0.125000 3.481418 
354.316700 65.698891 347.870757 60.612969 5.059751 0.125000 2.168702 
83.105933 350.282723 91.967699 349.789066 2.841821 0.125000 0.562314 
221.664064 32.522062 232.355791 38.517617 2.258615 0.125000 0.264690 
406.874853 208.974987 420.625770 208.969931 3.751838 0.125000 1.471334 
438.642562 355.237305 426.511099 362.518709 6.002122 0.125000 7.555830 
104.352417 404.100746 77.870260 406.281395 6.038541 0.125000 31.096264 
104.049398 410.858524 114.934527 407.371752 5.050075 0.125000 1.745589 
349.633215 410.597015 350.733433 420.748720 5.105575 0.125000 7.974249 
399.666388 290.992081 389.762716 292.776662 5.929266 0.125000 8.812704 
44.498731 152.859653 51.616767 156.178791 4.983461 0.125000 2.027522 
321.918311 405.837719 307.738126 408.724887 4.672169 0.125000 10.183693 
219.371993 179.387649 211.991891 177.633277 3.903536 0.125000 0.199242 
64.482230 207.927632 57.918338 208.596287 5.480978 0.125000 3.635260 
318.215299 444.549012 328.137929 439.399915 6.615060 0.125000 2.056209 
370.603520 329.896923 386.802542 329.419009 5.292723 0.125000 1.689388 
237.267447 45.888917 222.391337 39.968441 3.946423 0.125000 1.880324 
385.489294 446.029755 398.233131 450.302491 4.357116 0.125000 0.829819 
160.766274 267.109561 144.313021 264.820489 2.980971 0.125000 1.471334 
187.784632 51.834487 207.946746 57.508420 4.474430 0.125000 12.580231 
222.409793 171.452491 232.984012 180.591879 5.674285 0.125000 2.393894 
260.801418 378.902753 265.338384 370.581845 5.785276 0.062500 1.083893 
354.163298 416.000289 357.249383 407.462127 5.552074 0.125000 1.992858 
128.208107 50.254789 145.669964 54.174701 3.808251 0.125000 7.771422 
2.568539 308.031347 2.041441 318.198433 3.249406 0.125000 0.248831 
121.852096 377.271435 133.208627 377.927566 4.248453 0.125000 3.024944 
311.070762 190.226203 297.312546 186.506592 4.826713 0.125000 7.430280 
135.194025 203.703584 145.225981 206.067997 3.649994 0.125000 3.650567 
275.523008 318.100114 286.800829 317.197877 2.783124 0.125000 4.174674 
50.630829 326.849729 64.507515 330.050491 4.215947 0.125000 6.176623 
176.043746 46.605034 169.942318 41.429870 3.668384 0.125000 0.199242 
155.316749 34.096754 163.987321 36.847150 3.327427 0.125000 1.144479 
187.245031 460.893347 194.745762 450.550378 4.959204 0.125000 9.195922 
365.629558 355.367479 376.898151 355.566919 4.329977 0.125000 0.174973 
368.125524 218.109368 380.653353 218.529443 2.833721 0.125000 1.196505 
388.827782 301.357329 398.578179 298.338901 6.340114 0.125000 2.323188 
352.096944 111.249254 367.712538 116.787893 4.445447 0.125000 3.978314 
88.220351 440.940319 109.467654 439.646041 4.655096 0.125000 15.154695 
345.280358 299.555138 331.463891 301.607734 5.998465 0.125000 6.073047 
98.475191 348.877584 91.942821 344.278666 4.088424 0.125000 1.059188 
99.497179 338.141784 114.338247 338.871991 6.488160 0.125000 6.944735 
340.928965 474.226845 366.924771 467.055416 5.609478 0.125000 30.870463 
218.888056 436.148554 253.610101 427.593969 6.385166 0.125000 35.685311 
375.527162 337.677567 362.814992 340.457269 4.731527 0.125000 2.790099 
106.822451 356.767646 98.797735 360.695687 5.016818 0.125000 2.990107 
103.493664 99.192404 89.390902 95.563206 3.355691 0.125000 7.055157 
116.663217 338.332482 138.185331 341.459802 4.430013 0.125000 9.107186 
208.204991 30.210375 221.926587 32.857602 5.189682 0.125000 3.241345 
387.718518 219.480049 402.856225 224.020990 5.866638 0.125000 13.097585 
41.601133 281.351223 35.153191 284.722654 3.902343 0.062500 0.115419 
26.945912 103.938596 38.219221 102.956023 3.844374 0.125000 2.168702 
93.126724 66.758116 101.874820 66.887179 2.591926 0.125000 1.465404 
40.655226 107.064803 29.101059 108.904799 3.954856 0.062500 2.161671 
64.413558 172.120486 50.683788 171.593467 4.082863 0.125000 4.156256 
352.858219 434.345671 336.787011 436.040780 5.365766 0.125000 3.436664 
221.753267 40.763480 214.508625 34.394955 4.353526 0.125000 1.350497 
343.612482 377.868166 342.159720 389.251813 4.959775 0.125000 5.163505 
82.681872 163.672987 90.883565 170.305249 2.865901 0.062500 0.115419 
139.939270 285.515654 149.492523 287.581541 3.372832 0.125000 0.248831 
145.217348 356.295309 168.245252 351.164735 4.210244 0.125000 14.382850 
149.491411 402.171292 163.070345 401.149013 3.583616 0.062500 0.168485 
215.842041 0.339474 223.796512 6.386023 3.634603 0.125000 0.248831 
301.107115 368.987653 291.948943 373.282667 2.581683 0.125000 0.562314 
342.280215 182.246697 330.734759 180.048516 4.444183 0.125000 5.606004 
4.343629 302.549398 16.942458 301.862753 3.119443 0.125000 1.350497 
116.877939 280.946936 128.127002 280.844238 5.045437 0.125000 5.163505 
56.614664 349.329632 68.152305 347.010864 3.928749 0.125000 7.914269 
334.626789 164.767006 323.073419 166.538624 3.517211 0.125000 0.535753 
7.893723 374.268193 6.324579 359.301654 4.250918 0.125000 0.731190 
48.980331 230.594936 58.378528 227.697290 4.778052 0.125000 6.221670 
50.606592 362.367476 63.182467 362.837537 5.043201 0.125000 9.195922 
143.470638 433.174372 134.212918 434.429512 5.857467 0.125000 6.585083 
338.132032 360.606399 327.728566 356.673722 5.560981 0.125000 1.141927 
113.569636 63.590111 100.596507 60.755400 4.351074 0.125000 3.024944 
301.887449 428.998331 284.369342 428.864261 6.326347 0.125000 21.982202 
16.790957 209.141242 27.947125 205.130258 4.282230 0.125000 1.471334 
358.346476 318.927152 369.761653 315.775399 2.823587 0.125000 2.907502 
377.375357 354.960311 382.748957 348.899915 3.630744 0.062500 0.115419 
135.851491 -0.185401 153.379773 4.713404 3.753562 0.125000 4.593968 
184.688189 415.186704 176.480839 418.353438 2.973514 0.125000 0.264690 
163.245925 359.965997 152.720566 366.191196 6.212640 0.125000 2.766459 
329.299201 440.521577 344.461663 439.672399 6.310118 0.125000 8.789980 
169.345020 43.217148 153.942017 38.205838 4.396438 0.125000 4.418097 
274.626090 416.524624 263.072146 414.711878 3.510933 0.125000 2.027522 
16.565856 328.932480 23.453613 320.907029 4.063163 0.125000 0.174973 
43.050367 247.965268 35.456130 251.513576 5.207477 0.125000 0.963424 
396.251289 368.328436 399.547453 358.181018 4.755411 0.125000 3.352727 
300.653959 458.165346 313.725927 444.970323 6.240946 0.125000 18.514590 
17.878451 303.020929 13.280754 313.913108 4.606433 0.125000 0.523816 
311.223870 93.112071 325.597350 100.677531 2.708900 0.125000 0.174973 
192.350097 259.287082 184.507407 256.502131 5.548323 0.125000 4.641612 
278.515429 276.800850 271.748072 274.805479 3.950423 0.125000 0.264690 
100.633002 390.716545 84.289352 392.145188 5.634111 0.125000 2.768617 
149.705169 71.807898 122.943432 65.099306 4.555865 0.125000 21.345868 
248.543418 443.916914 260.589576 438.052239 5.131368 0.125000 3.370995 
414.262027 324.264219 420.438070 317.965955 5.320366 0.125000 3.814480 
169.441336 393.485822 159.218470 392.723158 2.954589 0.125000 1.091657 
47.543644 174.102817 37.320014 169.611916 3.205532 0.125000 1.091657 
113.270768 433.888672 93.098124 432.195141 5.191617 0.125000 20.979524 
258.025611 0.891993 272.554242 6.300322 4.412304 0.125000 0.339961 
114.299776 71.006319 126.806245 73.473523 3.437163 0.125000 3.697963 
358.304787 445.440504 369.858589 443.490979 5.746927 0.125000 10.009993 
198.125532 231.873365 185.719406 227.834981 3.593715 0.125000 6.221670 
230.845345 415.909409 225.476019 420.069270 4.190928 0.125000 0.264690 
244.783817 135.441553 253.014193 138.430154 2.948044 0.125000 0.562314 
144.779988 261.219333 136.841576 259.532278 3.900621 0.125000 1.059188 
69.718394 179.709159 80.484480 185.870537 6.045376 0.125000 5.922352 
65.469947 152.942089 47.976042 150.400137 5.667012 0.125000 13.397950 
196.347481 19.281742 179.028948 11.383822 4.449274 0.125000 8.009252 
119.384414 17.994323 103.039142 16.816774 3.470847 0.125000 11.319733 
187.856312 451.642967 182.628695 457.696402 3.784223 0.125000 1.059188 
392.058479 353.087940 392.414558 366.861051 3.974887 0.125000 6.427840 
74.299483 378.702830 88.300436 380.532617 5.014261 0.125000 10.376928 
198.736123 188.945039 191.038857 182.948243 6.581492 0.125000 2.192143 
199.646614 444.318681 207.588693 442.511516 6.648903 0.125000 0.225124 
236.674195 105.527995 224.542179 103.415084 3.871910 0.125000 0.174973 
299.696371 27.539092 318.280199 36.555104 4.465138 0.125000 11.045158 
379.541496 391.129376 389.260904 383.281853 5.684084 0.125000 8.215199 
170.718950 22.300098 194.445908 25.002413 3.725913 0.125000 8.600725 
211.737888 167.293279 222.247591 170.738357 2.876245 0.125000 0.199242 
258.873954 417.884079 245.126347 420.397171 6.809144 0.125000 8.475869 
280.067495 409.961521 273.091764 415.823054 5.742009 0.125000 7.137780 
164.257986 115.780396 174.243570 123.299542 2.382664 0.125000 0.264690 
313.508428 439.412579 302.514303 447.270574 4.938051 0.125000 7.771422 
34.549691 357.122000 21.995109 354.935385 6.371790 0.125000 13.782887 
155.644679 38.416331 143.114803 38.576305 3.204484 0.062500 1.228792 
248.036707 433.009880 239.692698 439.409422 5.257771 0.125000 3.024944 
303.754098 438.001886 314.971403 432.929583 5.179817 0.125000 0.731190 
287.046761 453.317454 274.338044 452.371489 4.893420 0.125000 1.880324 
297.748595 464.049045 286.888064 474.316632 5.350805 0.125000 11.983306 
396.168516 378.267808 412.387614 371.938618 5.765506 0.125000 11.888362 
299.117934 471.416963 318.711653 460.420291 6.540350 0.125000 18.409331 
409.170943 363.649228 399.486465 370.776458 7.199890 0.125000 9.052315 
59.897839 441.111446 68.610680 438.488034 4.066904 0.125000 1.196505 
102.172910 112.791808 109.528700 120.430674 5.402456 0.125000 1.274595 
304.378135 285.650218 315.609934 284.253819 4.029789 0.125000 3.814480 
383.229420 114.077409 372.763556 110.405094 5.131856 0.125000 0.090543 
192.392147 471.716740 214.637565 461.179296 6.599691 0.125000 24.541481 
327.259656 380.283766 321.443192 377.952227 5.106109 0.125000 2.025455 
58.164995 245.324388 48.077407 245.507828 4.328306 0.125000 1.350497 
166.790146 281.212125 149.257421 283.456482 3.243247 0.125000 1.274595 
262.841741 392.699671 273.161368 394.108629 4.954039 0.125000 2.780120 
253.687581 476.877710 274.068094 467.725007 5.817550 0.125000 14.568093 
106.129082 425.642445 113.463268 422.725528 3.946476 0.125000 1.059188 
238.965301 8.860977 248.724453 14.293634 2.888138 0.125000 2.025455 
315.638454 396.321375 303.122892 396.374053 6.297296 0.125000 10.264786 
145.618235 35.473046 154.462002 35.079343 2.440698 0.062500 0.943587 
174.893759 404.545676 166.262427 407.697405 4.063332 0.125000 2.785084 
260.780510 25.374957 252.975629 24.565821 5.462785 0.125000 0.736873 
310.597476 402.292825 320.635999 402.458487 3.831991 0.125000 1.196505 
26.241675 415.273506 34.522586 409.590035 6.628563 0.125000 1.057806 
175.272787 430.027701 157.926704 433.334969 4.911523 0.125000 5.247165 
206.669387 197.190234 217.421594 204.203420 3.505002 0.125000 0.963424 
153.305795 449.855619 162.890009 446.250308 5.815264 0.125000 0.006467 
403.877288 382.460981 397.475947 387.259069 4.125583 0.125000 0.248831 
142.610957 382.137188 121.607799 386.961782 7.490592 0.125000 24.541481 
375.799735 411.017416 389.132574 405.080565 4.692609 0.125000 8.780226 
399.030813 409.104359 391.436154 418.762827 5.828445 0.125000 3.978314 
441.849703 395.266482 427.904530 396.250464 5.530642 0.125000 2.035179 
338.435932 445.286109 324.565268 450.019720 6.694326 0.125000 14.901822 
56.093334 324.553673 45.862677 320.081308 4.149484 0.125000 3.814480 
247.936110 456.361403 236.520472 460.559818 6.728802 0.125000 3.811678 
38.082901 325.016313 48.105759 325.239411 3.915972 0.125000 0.736873 
364.274384 353.380982 356.501319 350.325695 5.319159 0.125000 0.963424 
177.667200 141.831660 187.652626 145.620075 5.279758 0.125000 4.365669 
383.737523 377.693490 372.732017 385.929549 5.003941 0.125000 5.361572 
90.626161 70.900057 79.371084 70.947580 3.771078 0.125000 0.736873 
115.809076 450.281988 104.920126 444.438481 5.238938 0.125000 3.834420 
41.793298 396.850523 55.646632 395.962438 4.509946 0.125000 1.057806 
71.566509 117.576393 82.927790 119.372471 4.807036 0.125000 3.807649 
439.367346 308.037426 425.624949 308.116069 5.078603 0.125000 11.178964 
34.112103 182.072351 43.461827 183.770635 3.872774 0.125000 0.368612 
274.532758 460.747552 254.141087 470.115848 6.722992 0.125000 28.270349 
174.055713 370.430338 185.835380 367.826897 4.059620 0.125000 3.970373 
298.692564 122.642998 288.597103 119.228968 3.345008 0.125000 1.059188 
82.037290 443.062483 90.807760 444.146935 5.115603 0.125000 0.174973 
322.639654 452.051546 312.459970 456.654134 5.803987 0.125000 9.037669 
23.973761 409.100457 21.056347 400.081146 5.142019 0.125000 2.552582 
17.458613 375.748639 8.518152 371.116225 6.124389 0.125000 5.383691 
318.143979 472.273387 311.789300 472.576129 5.172786 0.125000 3.790522 
126.972972 78.160151 118.187168 77.810935 3.121055 0.125000 1.059188 
133.207588 434.803633 122.934391 433.770665 3.599574 0.125000 0.535753 
350.974348 466.888190 333.952102 471.595866 4.485907 0.125000 21.567529 
45.940266 407.427397 37.835861 403.764790 4.556314 0.125000 0.535753 
329.794236 454.073254 339.546031 449.761849 5.451542 0.125000 3.283813 
15.566591 347.064528 23.471499 349.500657 4.319958 0.125000 3.650567 
284.506027 460.902811 295.097711 455.907330 3.833135 0.125000 0.963424 
64.995380 105.057898 72.118292 107.378107 6.716974 0.125000 1.756059 
115.489687 102.243909 104.361377 98.162142 5.437293 0.125000 1.880324 
149.356603 415.621198 158.141595 415.750886 3.841847 0.125000 5.559147 
330.524804 463.393769 317.357995 473.361868 5.765708 0.125000 24.181143 
444.909349 340.787441 430.398775 346.277019 5.561130 0.125000 4.856439 
411.629919 377.730350 405.438767 381.575113 4.907041 0.125000 0.368612 
369.834041 475.577206 380.658116 468.980316 5.804280 0.125000 7.167678 
79.767576 451.920354 79.371965 444.441280 4.993020 0.125000 1.937150 
332.360026 467.529612 346.827140 456.810406 5.058177 0.125000 12.321446 
185.541602 475.496842 191.953301 471.324453 6.552016 0.125000 1.992858 
384.325431 463.985551 369.407999 465.884258 4.509128 0.125000 8.572975 
374.169095 451.526965 368.856317 457.676924 4.214529 0.125000 1.937150 
406.802378 461.972720 416.835096 469.428695 3.525198 0.125000 1.539944 
223.694821 468.349799 210.049918 473.621809 6.094951 0.125000 17.012624 
220.968978 459.035687 227.945762 456.400465 7.613563 0.125000 3.024944 
251.323138 30.427891 267.202200 38.750739 3.161061 0.125000 6.768317 
185.904788 216.184108 176.626817 214.846650 4.948845 0.125000 2.552582 
67.342690 427.717593 81.866651 433.147334 4.103391 0.125000 3.834420 
199.395131 459.444641 189.499369 462.305235 7.045554 0.125000 1.720742 
435.244245 364.883608 444.199990 360.284227 3.197737 0.125000 1.091657 
414.174771 451.095312 428.067544 457.009958 5.431727 0.125000 0.678664 
34.402969 393.085229 42.362052 398.682423 4.202118 0.125000 1.350497 
33.002869 361.019383 40.694502 360.573248 3.263471 0.125000 0.199242 
254.460906 1.307933 243.076566 2.739960 2.480453 0.125000 1.144479 
412.815047 327.641907 405.419384 336.707255 8.360327 0.125000 0.933496 
204.266792 284.729510 213.337483 283.633442 5.113846 0.125000 3.156946 
318.418468 459.204764 325.718924 457.220578 7.565293 0.062500 0.149602 
308.532832 473.100894 299.157101 476.220022 4.742023 0.125000 1.756059 
421.488672 470.075668 433.287109 476.580990 4.603473 0.125000 3.554272 
44.186246 423.381604 49.470489 422.377551 2.900758 0.062500 0.562314 
373.067776 390.239405 366.052679 395.846114 4.098103 0.125000 0.368612 
38.085670 345.410682 39.272399 352.114443 3.474695 0.062500 0.216379 
217.120268 440.800979 210.851721 449.537672 5.674771 0.125000 12.184220 
191.311548 124.244426 180.829629 118.968458 4.473612 0.125000 0.700965 
298.443322 449.460214 288.417165 451.850500 5.733338 0.125000 0.829819 
106.822442 323.216428 116.498985 328.779097 5.117997 0.125000 0.090543 
137.748547 31.849005 144.863336 34.037218 3.896536 0.125000 0.199242 
58.132337 413.096838 69.582196 416.079657 4.309985 0.125000 4.156256 
74.361450 425.644692 67.520119 420.937415 6.244791 0.125000 2.780120 
58.392087 427.613523 46.044645 432.078988 7.803309 0.125000 4.147542 
130.967695 101.019842 141.377013 106.761686 4.000297 0.125000 1.756059 
192.896570 464.801039 178.840715 468.697804 4.949486 0.125000 6.401153 
338.794861 75.399103 349.992127 81.742192 2.935962 0.125000 0.368612 
285.684013 36.596433 300.546621 39.744986 3.337111 0.125000 3.352727 
334.123027 102.118168 323.054758 90.649105 4.497299 0.125000 6.903002 
250.465441 81.963045 246.654603 75.056864 2.863992 0.125000 0.562314 
288.687866 72.581735 278.846403 62.385189 4.559667 0.125000 0.731190 
111.966638 477.287759 125.864180 474.202328 5.015461 0.125000 2.508773 
6.075772 53.143463 6.640116 39.365379 1.811674 0.125000 2.025455 
8.794887 385.613261 8.541535 398.133429 1.477348 0.125000 0.264690 
6.286445 79.384102 6.579044 58.120927 1.507873 0.125000 5.559147 
366.858207 6.916754 353.934947 1.719139 5.798589 0.125000 1.341862 
85.652601 5.572122 78.325594 13.391698 4.503269 0.125000 1.992858 
23.081160 51.210707 16.962703 63.810593 3.984119 0.125000 1.274595 
420.934272 19.480186 411.000309 12.584340 7.985440 0.125000 3.420500 
10.974045 473.323595 17.643704 461.601159 4.182275 0.125000 0.523816 
12.936949 51.488335 22.213456 43.337560 2.934062 0.125000 2.785023 
78.444335 14.699458 63.950859 28.964107 5.401592 0.125000 4.189955 
11.345235 36.184297 20.221906 24.753347 3.166232 0.125000 2.346723 
101.890127 472.907739 115.573795 473.860448 2.838222 0.062500 1.805483 
