302.106662 354.111761 277.965632 350.416010 6.178023 0.125000 24.537291 
2.675015 0.624352 2.825644 476.875490 5.130861 0.125000 1262.733404 
293.403607 365.922670 271.710123 363.178319 4.788644 0.125000 23.838727 
125.650319 104.441517 105.272267 112.198328 4.507102 0.125000 9.948294 
171.492388 102.930985 186.353096 108.315423 5.331207 0.125000 5.337188 
323.401130 356.800563 304.183422 352.793889 3.978125 0.125000 13.598504 
348.847391 222.130076 339.327942 215.218229 4.503332 0.125000 2.780120 
252.148129 104.903845 236.959684 99.151404 5.242880 0.125000 8.763645 
281.532993 57.344983 298.326608 69.565693 4.318077 0.125000 20.017801 
333.085302 335.723685 323.822818 331.997665 3.162071 0.062500 0.664051 
210.201679 77.302558 193.601344 70.680829 4.631284 0.125000 11.830059 
331.396286 208.755645 315.477831 196.672160 5.218067 0.125000 25.203089 
327.105838 280.581144 316.982056 278.774949 4.077727 0.125000 0.535753 
118.396253 63.886603 101.209937 70.007686 4.532697 0.125000 21.537444 
75.827343 209.688624 65.349826 216.448492 3.761048 0.125000 1.756059 
234.152137 388.566804 242.635200 392.845981 3.296019 0.125000 0.199242 
262.384000 261.990675 269.560746 265.211057 4.561782 0.125000 1.937150 
181.717029 112.624822 160.613662 108.178815 4.184830 0.125000 11.811363 
268.040883 269.864502 256.904920 267.950886 4.129322 0.125000 2.168702 
370.244700 235.553138 360.822935 232.511814 4.795839 0.125000 7.055157 
351.493811 186.057605 339.413326 175.412901 4.020494 0.125000 18.314583 
318.221285 80.484007 303.916867 70.715443 4.506659 0.125000 2.393894 
177.059076 165.321174 189.887000 173.093102 3.628649 0.125000 2.246087 
301.767868 52.061303 288.733842 44.566218 4.171828 0.125000 3.283813 
173.142299 8.367897 155.553465 9.620594 3.026492 0.125000 10.466114 
350.764796 278.725694 340.693399 276.557311 3.233289 0.125000 1.059188 
377.877526 187.729342 364.317827 179.468850 3.619725 0.125000 2.512621 
240.452473 62.511569 227.012171 58.868886 3.023396 0.125000 2.027522 
276.895441 258.369010 288.171027 257.424426 3.632560 0.125000 0.535753 
253.748343 264.407788 232.832312 253.696537 5.127906 0.125000 13.921236 
124.366088 40.602271 109.665775 46.366548 3.491194 0.125000 8.763316 
271.449670 355.971260 284.986958 359.578326 4.751933 0.125000 9.195922 
183.358016 274.452445 173.092294 273.465024 4.857349 0.125000 2.780120 
88.170439 305.285270 69.435745 304.749779 4.141323 0.125000 0.721641 
221.158498 84.846106 214.390400 83.066433 3.944597 0.125000 0.264690 
202.611875 65.490254 213.238035 70.379323 4.451660 0.125000 0.225124 
138.221115 75.218799 128.068081 76.375304 4.433253 0.125000 7.999353 
352.203959 199.657930 342.097739 196.220194 3.687967 0.125000 1.196505 
203.561310 92.456602 190.218913 83.747099 3.867097 0.125000 11.319733 
289.602271 380.065716 281.857332 376.918479 3.510945 0.125000 0.199242 
178.446971 265.828683 193.785148 271.093452 5.575958 0.125000 10.281725 
356.414445 175.762392 358.673296 183.334331 4.665518 0.125000 2.785084 
169.396254 62.765802 149.318623 61.577782 4.481803 0.125000 16.385094 
190.314362 351.954171 200.627471 354.364426 3.161986 0.125000 1.921177 
187.181011 104.646537 173.231667 100.283934 2.906509 0.125000 2.990107 
237.380591 39.214703 210.943360 29.736966 3.863011 0.125000 14.436911 
94.215988 92.539759 80.778709 96.190721 4.169575 0.125000 1.745589 
345.332620 157.428358 339.872346 149.922534 4.043298 0.125000 2.785084 
75.158803 325.405103 90.538182 328.549616 4.898654 0.125000 10.023297 
179.643381 202.739296 172.245892 197.591972 3.167099 0.125000 0.264690 
299.682789 298.664410 277.090072 288.878466 4.244630 0.125000 13.397950 
377.994380 241.455137 370.213306 236.239156 4.164641 0.125000 3.635260 
220.666315 119.228079 210.747629 116.438912 2.834794 0.125000 0.264690 
143.182303 30.537552 129.297123 29.942637 3.639548 0.125000 9.636712 
226.439172 56.881671 213.004524 52.222383 2.436233 0.125000 2.785023 
275.760183 350.079048 251.890769 349.019693 6.077588 0.125000 19.952119 
101.095521 105.356667 110.159693 101.012135 3.968551 0.125000 2.785084 
367.221740 290.778246 349.874832 285.294008 5.897836 0.125000 7.938983 
319.156151 153.228994 315.327719 145.172282 3.233587 0.125000 1.144479 
351.620868 142.415700 342.348639 129.397350 4.087157 0.125000 6.405525 
110.518529 101.838289 124.483213 100.682763 5.919471 0.125000 19.926327 
229.673756 343.803160 242.447975 338.175625 3.703826 0.125000 1.992858 
335.587086 35.696133 325.269477 30.196816 2.610180 0.125000 1.144479 
233.877754 54.162496 243.958530 58.993958 5.142587 0.125000 4.365669 
322.432041 21.158108 336.630040 32.190256 4.935260 0.125000 2.387695 
209.989556 244.430461 224.057157 251.277980 3.774384 0.125000 0.523816 
202.141231 95.715258 219.856739 108.718692 4.234310 0.125000 19.453842 
301.609102 96.121330 288.774681 89.245566 4.564842 0.125000 2.623435 
245.940306 91.661254 255.116816 99.938401 3.985699 0.125000 4.786790 
249.193560 327.768224 262.950785 328.932876 4.665845 0.125000 6.972588 
282.896093 116.014442 271.641370 109.399116 5.198962 0.125000 8.572975 
333.956204 290.657420 368.903131 302.069936 5.020418 0.125000 41.660505 
285.567311 346.135282 301.891308 347.980748 5.249193 0.125000 25.009868 
366.303350 306.071605 334.405113 295.533846 4.747641 0.125000 35.362191 
268.440151 298.598562 258.112205 294.406523 4.598784 0.125000 5.606004 
334.613168 307.192763 309.046457 300.660982 3.889619 0.125000 20.597090 
235.604981 337.997662 226.874255 339.370260 3.510365 0.125000 1.059188 
284.964713 265.663500 271.389035 259.055374 4.465931 0.125000 8.572975 
152.908251 81.629098 169.208206 85.147679 5.581771 0.125000 6.617560 
80.978438 272.883863 70.668800 270.440209 2.750316 0.125000 1.144479 
205.634099 59.334072 183.399344 54.390965 4.338299 0.125000 6.944735 
315.618497 338.228914 340.598883 339.792304 4.445380 0.125000 20.395454 
220.158511 301.594428 202.719448 292.667236 4.636230 0.125000 10.561379 
356.945636 171.823773 350.796099 163.344373 4.781469 0.125000 0.700965 
379.350284 170.413195 372.602431 164.757150 3.831920 0.062500 1.201961 
158.472039 299.698767 168.062404 303.292066 3.366420 0.125000 1.091657 
312.902359 148.154673 314.091832 157.079340 4.212548 0.125000 5.386199 
223.560651 248.902423 216.238580 241.232561 2.176874 0.125000 0.264690 
125.399138 300.946402 115.764844 294.176002 4.394902 0.125000 1.471334 
274.834732 288.266987 254.232374 279.718746 4.311415 0.125000 24.962424 
340.612816 261.916579 324.635824 257.234897 4.508139 0.125000 5.464565 
364.736644 137.609188 350.669530 120.588198 4.443454 0.125000 4.798836 
104.530086 51.626801 142.097321 45.811109 4.646576 0.125000 28.094697 
166.757027 50.613750 146.814585 52.479103 4.548592 0.125000 5.187944 
328.308231 296.263057 310.530676 290.940019 4.674964 0.125000 3.774800 
82.070979 69.101877 98.174402 65.871249 5.148193 0.125000 9.243366 
74.575826 243.931496 62.810308 246.861228 4.544998 0.125000 10.466114 
324.320698 315.904220 303.142399 311.785536 4.840275 0.125000 17.244024 
339.925252 148.947737 334.339525 144.197008 5.570761 0.125000 2.861415 
339.125842 247.461796 328.694926 243.032757 3.625220 0.125000 0.535753 
362.590235 260.689614 344.784623 249.946116 3.671441 0.125000 9.486141 
365.334869 131.848982 380.399246 150.804413 4.115275 0.125000 17.802622 
237.421137 96.840205 227.468304 89.787701 5.822227 0.125000 2.106259 
224.090717 264.198039 236.699233 267.538442 5.153377 0.125000 4.122762 
287.940325 128.194359 291.849877 138.603903 3.759186 0.125000 0.736873 
148.221024 285.623169 158.162529 286.385754 3.161899 0.125000 4.174674 
189.989728 130.295666 200.270136 137.389285 3.940568 0.125000 0.225124 
230.283420 218.705997 217.334666 211.093150 3.297776 0.062500 0.796307 
131.301968 128.241892 140.081136 131.922317 5.094468 0.125000 7.067068 
176.464036 70.581259 193.313487 76.321755 5.942204 0.125000 16.184824 
296.562806 134.967157 286.800589 121.050360 4.200177 0.125000 2.508773 
168.084666 40.176487 154.221954 41.423144 3.734928 0.125000 8.763316 
218.111577 26.908736 232.558579 32.656961 4.658057 0.125000 5.922352 
289.428084 69.260201 275.165633 62.665171 4.538299 0.125000 9.577309 
180.260048 57.582535 189.717591 62.460817 4.981582 0.125000 0.700965 
244.975434 336.120731 236.730085 329.557044 4.490925 0.125000 1.756059 
68.278118 256.950820 78.288957 255.794674 5.970845 0.125000 5.383691 
229.849424 45.357134 209.493836 38.994797 3.579239 0.125000 10.586621 
228.332734 63.375281 239.177501 70.909288 4.192709 0.125000 2.246087 
137.645317 303.636191 128.431734 294.029685 3.645461 0.125000 1.209611 
344.503081 345.057925 324.601960 343.655143 5.778648 0.125000 12.653779 
91.417183 251.922117 101.244166 248.865812 2.542178 0.125000 0.264690 
341.985644 196.231276 330.419643 187.921081 4.376274 0.125000 4.837705 
122.381659 101.862578 133.632916 95.237598 4.308567 0.125000 1.745589 
88.524356 332.831769 75.749345 331.005290 6.187084 0.125000 6.965932 
88.718598 111.615308 98.831455 105.553590 4.718081 0.125000 3.807649 
322.244918 102.744045 315.261042 95.962520 3.858898 0.125000 4.674429 
65.715037 241.366075 79.265023 239.719809 3.722625 0.125000 1.756059 
310.345246 231.763445 289.162720 216.668757 4.657041 0.125000 9.628096 
360.843437 214.207945 352.930787 203.861588 5.198124 0.125000 1.780839 
61.593909 274.306998 74.268881 277.321234 7.007318 0.125000 5.187944 
114.562687 270.238360 107.510834 266.815167 3.373530 0.125000 0.264690 
57.059225 313.363983 63.576908 308.339688 5.397617 0.125000 0.174973 
278.330190 132.946380 269.066848 122.305111 5.412723 0.125000 3.153913 
311.283490 308.886499 319.763780 312.098568 4.108970 0.125000 1.937150 
148.012704 6.135630 160.973139 4.167197 4.755612 0.125000 4.058917 
106.958352 139.418105 101.576768 149.824331 2.680507 0.125000 1.059188 
231.819010 329.270060 220.534868 328.718301 3.989718 0.125000 2.346723 
166.043667 319.404392 152.941385 314.910321 3.918413 0.125000 0.982990 
150.405642 48.205232 161.952800 46.039882 4.837692 0.125000 3.283813 
124.752888 60.126320 138.485337 57.533366 5.076444 0.125000 6.130595 
79.147854 255.902883 91.559371 257.748064 4.127142 0.125000 8.763316 
110.074432 89.308432 120.223270 83.310265 4.511318 0.125000 0.225124 
312.105550 40.369970 316.531625 44.724053 2.910415 0.125000 0.562314 
76.851378 150.548576 90.812951 146.233061 4.777002 0.125000 2.106259 
150.121465 222.626925 164.237707 232.080019 4.516259 0.125000 9.238913 
99.353364 241.573547 90.558951 242.204738 4.008833 0.125000 1.059188 
56.785446 216.762045 69.329083 206.817085 5.506288 0.125000 2.725474 
84.312585 109.483439 73.096115 110.096700 2.562649 0.125000 2.368494 
140.953607 293.687669 152.542734 299.228335 4.461554 0.125000 2.030119 
129.478421 138.352659 121.378592 142.032269 3.406343 0.125000 1.144479 
211.617658 86.071069 227.597219 95.289840 4.705593 0.125000 7.119411 
240.388052 395.103946 228.710703 400.414199 4.551485 0.125000 7.400175 
182.167436 394.701366 172.014858 393.335460 3.716516 0.125000 1.196505 
195.553577 384.828048 182.779861 382.814265 4.549682 0.125000 1.274595 
271.000466 71.155813 258.613647 64.689022 5.540402 0.125000 2.766459 
344.417014 283.738150 326.910742 282.583225 3.659580 0.125000 0.339961 
343.658777 269.344911 354.753781 275.858909 4.569059 0.125000 2.790099 
201.904683 372.011213 188.080722 372.307230 4.016746 0.125000 0.523816 
197.662640 255.289187 184.688212 248.727236 4.500360 0.125000 5.094255 
261.447928 113.897819 251.889861 109.343810 3.854632 0.125000 0.535753 
115.041188 72.825319 129.474980 68.455217 6.453759 0.125000 3.441612 
144.491569 85.863773 154.021468 81.211271 5.068038 0.125000 2.246087 
74.680843 96.512015 83.922707 91.102309 3.321821 0.125000 0.368612 
223.083385 109.387394 226.124468 119.598524 3.593997 0.125000 5.386199 
292.221269 101.262153 300.459938 105.917137 5.583001 0.125000 1.209611 
272.016020 258.253138 270.985377 249.333360 2.762171 0.125000 0.264690 
314.474288 168.773445 307.417320 163.630803 5.787270 0.125000 1.992858 
321.894875 162.748217 323.801540 169.174265 4.437887 0.125000 0.199242 
210.541854 393.867979 225.947504 391.341627 4.327244 0.125000 1.387812 
105.515073 62.591208 120.892598 59.424423 4.717778 0.125000 14.249513 
79.133774 142.643284 66.637596 148.900917 3.916191 0.125000 5.772621 
106.887411 48.286816 95.607891 49.151930 1.911820 0.125000 1.465404 
151.778188 289.739915 141.816107 287.096986 3.698549 0.125000 0.535753 
213.485226 23.301203 205.990057 20.786802 3.562872 0.125000 0.264690 
281.797859 72.099924 290.983789 80.365451 4.273628 0.125000 7.974249 
128.071639 149.195561 144.708958 144.248014 4.792578 0.125000 2.733526 
316.575535 279.322531 306.699701 272.115203 4.038830 0.125000 5.471316 
134.820787 274.230929 118.627741 269.052823 4.714000 0.125000 10.264786 
245.326222 247.271614 238.189714 239.316942 3.913143 0.125000 3.697963 
327.773212 184.614092 318.407325 170.833561 4.506759 0.125000 4.289659 
316.648401 36.678954 305.026776 28.454053 4.803403 0.125000 6.648375 
118.082641 276.742535 129.363813 277.170136 4.324066 0.125000 0.736873 
166.515389 289.844195 176.252091 297.306815 4.562395 0.125000 1.745589 
380.919801 256.312427 355.652809 243.071931 5.429566 0.125000 22.766844 
226.180300 251.694802 235.189736 257.545284 2.887647 0.125000 0.199242 
289.368243 39.391825 297.123403 42.506508 4.024213 0.125000 0.248831 
159.551603 364.975849 169.770959 361.972159 3.245320 0.125000 4.674429 
199.169127 355.992669 207.111698 354.139440 4.788035 0.062500 0.760406 
221.148268 266.996085 198.335048 256.421836 3.071258 0.125000 11.382226 
348.842030 324.530875 335.991176 319.659095 4.232206 0.125000 5.964447 
297.047137 357.795989 305.970494 362.464645 3.668700 0.062500 0.664051 
324.478522 352.293239 338.171978 353.997547 4.338831 0.125000 1.141927 
214.006258 69.824586 223.662139 77.744151 3.692201 0.125000 0.174973 
295.541263 205.630062 296.227921 216.989673 4.044854 0.125000 3.156946 
126.813811 115.486117 135.986248 111.444941 6.727454 0.125000 3.370995 
205.261622 300.054268 216.088105 305.845954 3.819165 0.125000 2.168702 
244.066635 59.378733 250.304780 67.132623 5.462841 0.125000 2.246087 
286.788142 42.064215 276.074357 37.146106 4.637150 0.125000 5.163505 
176.734566 46.463043 188.288522 48.399179 3.705139 0.125000 5.378256 
210.681313 12.532119 195.697762 11.108944 3.316172 0.125000 0.430669 
339.373986 117.280377 347.732453 129.640458 4.171607 0.125000 7.574951 
346.763917 247.380612 353.242710 246.413797 4.576258 0.125000 1.144479 
110.625112 321.655432 100.624826 321.654667 4.999904 0.125000 3.024944 
97.878188 281.532875 105.494908 283.603532 3.290743 0.062500 0.216379 
165.946134 156.838724 165.603024 165.624142 2.693219 0.125000 2.368494 
259.007495 237.681738 246.103689 230.956529 4.293072 0.125000 8.572975 
366.010180 254.468324 373.588269 259.347029 3.153079 0.125000 1.144479 
146.803817 268.385948 138.025095 265.991240 3.025735 0.125000 1.144479 
150.625219 24.424671 174.374757 24.319920 4.977898 0.125000 15.475928 
235.966965 261.196223 223.203316 258.933276 3.832135 0.125000 0.700965 
344.050355 104.297418 350.470777 112.920528 4.266555 0.125000 3.814480 
177.442484 385.171172 160.204866 392.076180 5.343711 0.125000 10.689245 
377.445495 152.658542 368.927590 142.240818 3.079591 0.125000 4.487502 
296.199726 331.727622 281.171351 325.546613 3.673230 0.125000 5.964447 
253.209539 395.299895 250.674209 404.388727 3.612098 0.125000 1.091657 
125.029960 266.115277 138.871362 270.847961 4.387622 0.125000 1.880324 
200.864560 267.028352 190.538151 264.772576 3.930375 0.125000 8.217550 
299.410281 128.097377 308.328125 139.487259 4.196382 0.125000 4.837705 
140.165347 25.343484 148.349955 27.039271 5.031827 0.125000 2.027522 
164.543232 296.024319 153.002961 293.742100 3.436248 0.125000 4.487502 
62.515821 235.412231 71.988999 229.559519 4.910661 0.125000 4.365669 
199.603209 166.066044 188.202607 162.849898 3.794034 0.062500 0.168485 
115.748530 257.387997 93.251994 253.617328 4.118658 0.125000 12.580231 
172.280944 286.950426 163.306830 283.848885 4.360922 0.125000 1.350497 
171.310150 199.775141 178.115490 209.381737 3.285273 0.062500 0.760406 
149.269684 57.738113 160.553398 57.012126 5.069941 0.125000 3.283813 
310.949859 109.189891 299.400807 99.156471 4.098968 0.125000 0.731190 
203.861511 115.275155 216.520515 122.496418 2.790896 0.125000 1.350497 
286.864258 91.882974 292.828382 99.917273 3.629858 0.125000 1.937150 
261.132292 83.960481 254.843197 76.263827 3.069781 0.125000 0.199242 
179.374024 18.158380 168.133632 17.829756 4.263277 0.125000 2.027522 
115.222089 194.953400 131.713030 215.753415 4.050725 0.125000 8.273994 
261.157762 18.518752 251.145227 12.288898 2.700550 0.125000 0.199242 
148.134730 131.842143 160.307596 135.446854 4.660430 0.125000 2.030119 
134.174264 191.731538 120.527394 193.697443 3.889915 0.125000 1.471334 
252.440277 363.459372 244.774997 358.727091 5.160842 0.125000 0.963424 
104.167067 98.729296 91.382685 102.846194 5.142470 0.125000 4.122762 
275.443870 138.270719 286.270176 148.749861 2.529430 0.125000 2.027522 
102.937308 131.131919 92.943449 133.656235 3.648351 0.125000 5.559147 
246.463186 72.404551 239.972358 67.356858 3.135750 0.125000 0.264690 
328.517669 102.883414 337.400202 117.320925 3.797820 0.125000 1.459188 
190.791125 257.257309 199.167800 262.819534 5.539979 0.125000 0.090543 
204.377591 1.150986 180.622010 1.268022 2.604660 0.125000 15.701552 
248.078536 387.936518 253.761516 394.877308 3.167575 0.125000 0.264690 
212.596190 257.488707 218.655601 262.709893 3.525813 0.125000 0.264690 
163.696690 247.536776 180.362269 252.719791 4.243284 0.125000 6.679966 
248.426118 307.567731 235.858466 305.473771 3.699008 0.125000 2.346723 
159.110395 37.173433 167.362657 34.878705 4.817223 0.125000 1.196505 
272.920325 418.184920 286.901716 415.780342 2.647002 0.125000 0.535753 
91.449128 179.777420 106.439250 172.245540 5.045409 0.125000 4.856439 
233.773996 185.126573 226.764636 175.999764 3.641851 0.125000 0.174973 
223.790385 279.109588 210.331999 271.118462 3.425994 0.125000 2.246087 
280.673763 124.305210 287.220990 128.879815 3.481202 0.125000 1.144479 
370.447827 164.636664 362.644428 156.166168 2.975240 0.125000 1.059188 
103.189659 230.152061 114.568758 231.707780 5.292559 0.125000 0.408534 
217.682596 374.171932 209.245586 372.546908 4.627972 0.125000 2.027522 
239.860149 29.024091 225.878912 24.787134 3.008907 0.125000 6.256054 
245.004436 86.260619 235.721849 76.750570 4.472581 0.125000 4.058917 
200.447383 25.951087 218.284326 27.961221 3.604136 0.125000 13.879316 
358.947032 93.450992 343.745692 79.927309 3.007881 0.125000 2.790099 
180.602867 257.052568 192.141025 258.490741 5.428958 0.125000 5.094255 
253.060409 6.998995 262.462560 11.896692 2.121042 0.062500 0.943587 
82.092295 313.406223 72.379937 320.910739 6.024504 0.125000 2.056209 
380.607913 232.881539 385.102736 238.539872 3.915069 0.062500 0.691227 
227.925738 39.983716 238.066628 43.303316 2.743488 0.125000 0.264690 
285.598915 29.434618 270.123826 22.663574 3.650511 0.125000 3.554272 
119.173735 249.828897 132.980443 255.951008 3.169465 0.125000 7.067068 
150.703832 8.741120 138.090452 10.354990 3.431642 0.125000 2.168702 
273.449917 81.455318 282.122625 88.169725 5.388372 0.125000 0.408534 
195.545645 5.938111 205.835130 8.545893 3.026752 0.125000 1.059188 
221.415210 271.069097 226.951542 276.801070 3.488877 0.125000 2.025455 
264.426892 444.538787 255.395365 447.400198 3.210654 0.125000 3.271584 
262.140027 28.783419 243.259423 20.324947 3.659551 0.125000 6.213450 
6.097937 54.387773 6.571131 36.866793 1.688253 0.125000 5.386199 
48.055828 193.909715 30.581422 192.369363 2.380583 0.125000 2.861415 
370.832739 8.849020 353.558826 2.026585 5.783714 0.125000 18.264369 
6.242386 343.149063 6.779376 329.371273 1.784552 0.125000 0.264690 
35.618384 104.425642 51.756245 106.533986 2.015865 0.125000 0.248831 
21.754350 56.565702 13.559214 66.404285 6.241868 0.125000 2.733526 
85.794099 4.521740 75.392624 16.508072 4.845289 0.125000 6.213450 
72.803199 20.364468 62.614292 32.949524 6.199056 0.125000 3.478452 
6.557632 311.877737 6.341962 286.868817 1.422422 0.125000 1.059188 
10.013618 471.099523 19.056090 463.970494 6.663615 0.125000 1.692194 
59.052390 3.881846 49.758717 9.961564 2.776411 0.125000 0.199242 
58.869630 21.303106 49.924683 31.125576 2.937740 0.125000 1.350497 
10.683409 35.680820 18.634063 27.361505 3.029763 0.125000 1.059188 
376.717200 474.654023 389.340755 475.956817 3.490156 0.125000 0.174973 
82.451402 443.612939 88.231188 447.984609 4.498946 0.125000 0.248831 
