1.134651 0.624981 1.152363 476.875027 2.517712 0.125000 658.617306 
224.947799 277.903661 213.775036 312.087460 4.271723 0.125000 34.949572 
229.830754 288.260071 223.095310 310.986661 4.438707 0.125000 11.299604 
253.931728 304.187718 256.537711 315.413114 3.848594 0.125000 5.341656 
241.807062 303.098514 237.763191 313.471266 3.493876 0.125000 2.785084 
157.911051 187.715792 177.255111 177.602018 3.474975 0.125000 2.766459 
220.694011 263.601450 225.664593 249.840824 4.474637 0.125000 15.606998 
225.278092 244.967685 218.236037 255.697872 4.800920 0.125000 6.972588 
201.392717 245.982323 188.869135 272.889552 3.984664 0.125000 28.881796 
218.332983 240.798629 208.178049 252.962814 4.005367 0.125000 8.384199 
240.423284 217.293896 256.546216 225.057774 4.338603 0.125000 1.689388 
249.435015 350.791982 225.219017 359.495414 4.319851 0.125000 22.578470 
211.935727 292.796933 208.698238 304.533131 3.407196 0.125000 7.127134 
216.836064 280.610522 212.553613 292.127338 2.914263 0.125000 5.559147 
167.376753 215.031941 183.066575 203.048505 4.442917 0.125000 20.017801 
268.310963 261.773375 273.142856 270.615242 3.494620 0.125000 2.785023 
179.564307 214.752948 191.559373 208.744855 3.914692 0.125000 3.571136 
231.537219 254.531094 227.482188 278.228899 4.539591 0.125000 24.814087 
192.623188 202.411128 175.029809 214.778289 3.097977 0.125000 19.414439 
201.752038 205.451958 180.549266 220.518421 3.646623 0.125000 16.792128 
197.683125 236.605214 179.248979 266.798058 4.615880 0.125000 36.589014 
260.106197 285.828796 265.879202 300.525145 3.697990 0.125000 8.217750 
208.340701 253.204919 191.568004 298.474390 5.645701 0.125000 74.188383 
239.745315 269.141964 236.632649 280.891935 3.376925 0.125000 9.992854 
247.169496 265.973842 239.550408 245.104602 4.491802 0.125000 19.790627 
210.819481 228.409239 198.810087 236.626272 2.823438 0.125000 6.256054 
222.852378 311.649145 195.184763 345.045851 4.096035 0.125000 34.184940 
232.273955 310.387685 221.173810 328.462045 4.839525 0.125000 15.414856 
222.490956 319.057863 229.993144 304.058957 3.355895 0.125000 12.229681 
204.459744 199.837655 220.846826 196.836041 3.012987 0.125000 5.606004 
261.129321 262.923504 269.396689 283.615758 3.948792 0.125000 23.242646 
198.090386 225.653592 182.884511 241.646343 3.935554 0.125000 8.763645 
208.246850 313.204690 197.234763 330.042786 4.789212 0.125000 11.601599 
253.749463 322.178568 215.560777 347.419072 4.435266 0.125000 37.625606 
198.010046 241.720832 212.238028 231.111867 4.025845 0.125000 11.644716 
230.924305 303.365209 235.034461 255.467063 5.372154 0.125000 51.553197 
225.757224 202.307462 239.353735 204.506482 4.500193 0.125000 3.554272 
203.812509 307.514409 213.275068 279.425555 3.604173 0.125000 27.598099 
216.418451 233.832626 200.749124 247.022457 4.024886 0.125000 11.046131 
200.857321 306.386949 194.468653 318.815671 2.919643 0.125000 6.444611 
268.993280 299.070732 256.565960 263.607232 4.658175 0.125000 47.855767 
188.329859 195.974183 173.351778 204.761543 4.010573 0.125000 14.761233 
225.598109 208.234456 247.086608 213.513671 3.939936 0.125000 13.405243 
165.754054 189.539414 150.401449 201.590198 3.013141 0.125000 5.964447 
268.392739 260.021626 261.532469 249.600489 4.176301 0.125000 6.427840 
162.403790 201.050348 139.523759 229.494659 3.133869 0.125000 21.406275 
146.069066 207.187424 127.333145 233.817889 4.238766 0.125000 27.271126 
220.627298 228.600269 235.626947 228.527753 3.780172 0.125000 1.745589 
224.341819 214.556780 239.520582 217.327446 3.015663 0.125000 2.346723 
230.546447 323.944328 238.107616 300.619365 4.018113 0.125000 20.597090 
244.523629 243.076153 252.177505 266.364764 5.904208 0.125000 15.145637 
171.335286 207.486305 161.074501 216.156938 5.069744 0.125000 2.929778 
180.108999 221.227797 166.600671 237.676271 3.966610 0.125000 12.616464 
195.409358 304.305785 209.905132 259.143941 5.568945 0.125000 60.598668 
128.878015 237.943961 120.616942 260.622065 3.313708 0.125000 17.425349 
198.672075 216.316070 186.281300 226.125032 2.899223 0.125000 9.992854 
255.912825 236.632441 274.170486 258.297350 5.187654 0.125000 25.482494 
243.436630 300.583907 241.449754 285.516245 3.622448 0.125000 9.653030 
218.332724 256.034877 213.915215 271.745720 5.828395 0.125000 8.789980 
210.000965 258.488946 216.784198 246.822206 4.046126 0.125000 4.365669 
209.734778 312.852237 214.365438 297.739071 3.219277 0.125000 4.786790 
223.941413 295.538405 226.918160 280.633620 3.432565 0.125000 3.571136 
218.361870 288.147250 220.606051 264.255805 4.978087 0.125000 19.548781 
268.414794 284.278744 273.896966 300.783780 3.961257 0.125000 5.361572 
190.575435 386.583938 220.557452 381.478334 4.745985 0.125000 25.208917 
188.687851 239.977905 198.415288 229.648368 4.656123 0.125000 4.878512 
203.952914 296.734185 200.575294 306.858417 3.162682 0.125000 4.674429 
184.076411 265.456015 195.378616 245.485560 3.921012 0.125000 15.784905 
249.361671 233.154298 229.493027 224.115556 3.203492 0.125000 5.638039 
211.817189 219.247426 204.185105 222.705949 4.144940 0.125000 1.091657 
228.116895 224.335427 211.538258 227.730769 3.393545 0.125000 8.812704 
245.082055 340.751836 231.634893 347.657444 5.018820 0.125000 6.965932 
245.786805 216.011618 220.503498 211.273328 3.761375 0.125000 10.689245 
259.666409 329.944246 250.198178 334.791234 4.503769 0.125000 2.552582 
142.580366 249.146491 129.186259 281.070267 4.352531 0.125000 40.755760 
202.571821 250.087166 212.693290 240.183783 2.795877 0.125000 3.635260 
151.930935 380.849814 220.480549 363.794418 3.993101 0.125000 58.134283 
170.907560 218.317961 155.658471 240.647857 3.902269 0.125000 19.604747 
171.646795 269.813384 187.777566 240.434240 4.275327 0.125000 33.765294 
184.366440 299.711865 202.338630 250.338755 5.764918 0.125000 62.082099 
140.389933 261.751283 158.637967 227.079217 4.424358 0.125000 33.420846 
164.106273 181.469089 145.316297 193.908706 2.451311 0.125000 13.096203 
184.061595 221.402906 200.524603 210.473768 3.798045 0.125000 2.056209 
152.529923 294.164492 139.603438 330.705810 4.240903 0.125000 33.406672 
137.999715 283.498135 124.432129 324.393953 3.587243 0.125000 36.547888 
236.784168 341.078071 241.279796 333.514180 4.734014 0.125000 1.350497 
166.517307 192.575926 180.744144 183.307891 3.094263 0.125000 5.606004 
166.601352 229.224356 179.227489 215.489397 4.052451 0.125000 3.153913 
193.484670 318.777064 181.111068 337.201438 3.855975 0.125000 12.616464 
215.627682 221.693682 235.641794 221.989761 2.721605 0.125000 2.929778 
238.113180 321.861542 222.742231 335.362360 3.274565 0.125000 9.377108 
163.120131 403.105894 196.905625 394.495160 4.915828 0.125000 48.398437 
221.888379 218.499896 210.652690 218.900878 2.632155 0.125000 0.264690 
278.142392 341.035550 256.873056 340.858512 3.885124 0.125000 7.258140 
193.478827 390.988930 147.927744 400.975248 5.903013 0.125000 42.747551 
204.519147 349.579173 216.149586 341.368036 3.183962 0.125000 2.990107 
204.934202 228.180438 216.220053 221.653994 4.549737 0.125000 1.574135 
246.142663 283.108840 246.416771 291.889305 3.045167 0.125000 0.562314 
127.783696 261.743459 119.521374 283.181414 3.681327 0.125000 8.763645 
213.628362 272.103563 205.758365 289.435557 5.173994 0.125000 13.119229 
260.194612 309.666056 252.808311 298.743836 3.441575 0.125000 2.346723 
137.202903 205.869830 117.907345 231.712487 3.512320 0.125000 14.561258 
188.727226 273.321532 180.511738 298.495966 4.290724 0.125000 25.795221 
140.239195 191.460400 147.329056 184.862945 3.886893 0.031250 0.098281 
219.474046 377.341490 199.320951 381.620441 4.003179 0.125000 16.711965 
222.914939 335.074413 210.338013 339.872784 4.225978 0.125000 3.807649 
234.103494 363.592596 216.548599 369.684401 3.181428 0.125000 4.593968 
274.532426 333.560497 259.606799 330.675699 4.156275 0.125000 5.619971 
236.612145 405.445978 226.395555 409.379838 6.643672 0.125000 4.418097 
177.848450 309.197023 160.777328 335.723033 3.913106 0.125000 26.970809 
252.070086 299.056682 249.648809 288.064686 4.200002 0.125000 4.641612 
236.253089 223.045568 246.898606 228.075034 2.918944 0.125000 2.907502 
219.360099 211.791700 204.175189 214.507995 3.161013 0.125000 9.746898 
157.033847 334.459705 173.087243 304.354866 4.631960 0.125000 33.218728 
180.168515 267.574509 163.275044 316.926361 4.921548 0.125000 78.377534 
248.449652 320.774545 252.174881 312.687344 5.153726 0.125000 0.963424 
189.798898 354.326034 172.810344 365.130234 3.062586 0.125000 0.006467 
118.485517 255.733523 123.489963 239.108586 4.195419 0.125000 15.668239 
236.895203 386.613806 223.034756 385.541725 4.317216 0.125000 3.554272 
164.903048 335.956263 183.493594 306.322064 4.919591 0.125000 28.982134 
158.265796 386.251549 220.970125 372.160819 4.508327 0.125000 60.481085 
256.959161 372.432509 240.646275 370.449942 4.209440 0.125000 5.361572 
125.243596 257.988896 132.958491 236.369517 3.365737 0.125000 18.987448 
208.566867 343.844286 190.844085 354.731634 3.514978 0.125000 8.457311 
185.647658 225.641665 168.764581 248.595428 3.911209 0.125000 19.286407 
241.343184 281.951905 242.694877 269.328942 3.906845 0.125000 4.156256 
253.167310 288.105494 263.218936 309.907981 2.624226 0.125000 10.684053 
129.409044 279.749487 121.527533 306.773662 3.999830 0.125000 22.778133 
193.114563 300.619004 177.514243 327.774127 5.765527 0.125000 38.549507 
230.148707 241.026478 238.711171 251.184556 3.372633 0.125000 4.536968 
226.460988 390.619270 244.088945 396.484707 4.353880 0.125000 11.046131 
211.768997 215.856776 223.155851 214.671339 2.615994 0.125000 4.174674 
223.030621 386.281149 194.601363 390.799321 4.962236 0.125000 40.423042 
221.722409 381.816652 235.575547 380.200980 3.435145 0.125000 3.970373 
118.726586 236.073019 141.124901 205.997292 4.479689 0.125000 31.626280 
155.594958 226.857060 142.626380 248.573704 3.413006 0.125000 18.361872 
177.878494 249.908071 167.731921 271.087852 3.827615 0.125000 24.951549 
162.611429 315.993924 154.599303 331.987368 3.359268 0.125000 16.770116 
158.893905 242.832712 166.462815 230.374578 3.204877 0.125000 8.872631 
180.802897 338.353735 149.215837 362.920353 4.056633 0.125000 29.344844 
181.806447 348.613757 162.005967 362.067746 3.764508 0.125000 22.439108 
246.244362 332.257631 256.724786 324.637626 4.410484 0.125000 8.078753 
121.924825 313.689675 128.795797 297.873380 4.134857 0.125000 12.465157 
198.066760 395.281188 225.828857 390.578443 5.387652 0.125000 47.889855 
221.768108 360.207333 211.782343 362.762954 3.322993 0.125000 1.091657 
125.614189 331.432331 140.407304 289.298567 4.529097 0.125000 48.726554 
158.991165 358.827025 181.133875 343.316945 4.505744 0.125000 17.093572 
186.812021 365.434482 206.704329 358.858704 3.187860 0.125000 1.459188 
213.677148 347.186425 197.020658 359.570902 3.240616 0.125000 8.780226 
168.839086 272.125147 147.015521 334.424225 4.478611 0.125000 77.223216 
237.157813 284.363478 237.214400 291.891241 3.806271 0.125000 1.059188 
177.924381 287.227296 184.844927 266.613116 4.756968 0.125000 18.594075 
191.102478 316.116167 195.367898 304.747527 4.681351 0.125000 13.963723 
145.994225 298.262908 150.446906 286.341598 3.512957 0.125000 9.104928 
236.083588 327.844316 243.716508 324.233146 3.330481 0.125000 1.144479 
266.964352 309.326028 259.963425 296.552496 2.663471 0.125000 2.785084 
218.125556 413.127681 198.452742 417.205960 5.657115 0.125000 35.141735 
168.944420 248.731562 153.510186 289.043892 4.989854 0.125000 35.870010 
117.950576 298.467638 123.949143 279.637541 6.060683 0.125000 14.010184 
160.087248 248.375936 131.977632 328.161159 4.459844 0.125000 83.789083 
161.254061 254.753872 177.181118 228.309369 3.455843 0.125000 28.433363 
122.203504 219.532771 128.740920 205.920808 4.551604 0.125000 11.644716 
136.468769 226.254181 150.367531 207.615110 4.483355 0.125000 14.156681 
153.322225 354.622793 169.517024 341.732940 3.313337 0.125000 11.644716 
259.385956 406.838101 244.236852 402.340297 5.635720 0.125000 4.856439 
210.796698 362.593439 180.722008 369.780914 3.303182 0.125000 20.782120 
224.457995 397.255093 177.968083 407.406365 5.460736 0.125000 52.771908 
153.856307 244.175274 139.344373 281.863207 3.854865 0.125000 42.528224 
198.125805 319.375427 204.397653 307.549975 3.764434 0.125000 7.067068 
156.613498 372.930289 162.435301 365.111459 3.263872 0.125000 3.790522 
198.349453 381.600305 156.988673 391.118939 4.301928 0.125000 27.550795 
196.772988 330.533361 184.976398 343.665245 3.530473 0.125000 3.554272 
192.167934 357.435207 203.055491 351.742071 3.272366 0.125000 2.027522 
222.006610 338.347686 234.934716 330.707029 3.424206 0.125000 12.375031 
226.696955 350.135664 209.234668 356.489313 3.523984 0.125000 3.370995 
196.017375 372.870301 185.229979 377.122988 3.276248 0.125000 6.444611 
137.961595 236.059241 131.501136 252.225135 3.946099 0.125000 3.671840 
175.542657 330.539763 160.288206 345.276371 4.342462 0.125000 17.012624 
151.188875 332.060778 156.258941 316.672030 3.980373 0.125000 6.405525 
178.305173 239.686225 188.232796 228.372714 4.122305 0.125000 0.408534 
140.299908 288.764069 158.018035 243.083512 4.258911 0.125000 58.378367 
179.496031 412.310667 200.835427 406.382459 4.014426 0.125000 20.017801 
213.413323 240.012491 226.705686 234.000641 2.901673 0.125000 3.697963 
150.422236 347.924165 160.374216 337.876601 2.698088 0.125000 1.196505 
226.891942 415.269391 249.400406 416.341727 5.529695 0.125000 25.796657 
138.896803 339.714484 151.463642 311.144239 3.888663 0.125000 20.816262 
207.792726 340.509202 210.782614 331.929929 4.026867 0.125000 1.937150 
128.740254 295.414591 137.696124 268.397191 4.732885 0.125000 27.820974 
153.238498 303.161005 165.664305 263.990935 4.362944 0.125000 43.128347 
225.237388 421.818065 243.270603 427.676836 4.308848 0.125000 13.186276 
174.626969 404.849191 164.695790 410.126281 5.001910 0.125000 2.030119 
213.451433 369.300888 200.234927 372.969867 3.746352 0.125000 7.914322 
261.840283 336.807231 274.364522 336.477278 2.828332 0.125000 2.785023 
158.466248 315.333838 172.705603 270.891124 4.564949 0.125000 49.087794 
159.746662 344.755733 140.773362 363.276983 2.896539 0.125000 12.616464 
175.631750 371.910249 158.058054 375.275391 3.212907 0.125000 6.585083 
238.432773 251.421546 242.513192 265.439228 3.748009 0.125000 0.523816 
146.290944 334.849664 138.447017 345.854524 2.761318 0.125000 2.785084 
137.607572 352.411072 151.774375 333.051366 3.911592 0.125000 17.381617 
167.600865 237.787601 160.852245 248.271284 3.153172 0.125000 3.635260 
211.239493 351.816716 227.609694 343.375642 3.541463 0.125000 0.731190 
184.651970 376.687006 154.120607 384.649562 3.313179 0.125000 26.029746 
156.085689 336.013193 140.618216 354.369283 3.726480 0.125000 14.421524 
169.093719 391.937315 189.713413 387.053918 4.065269 0.125000 14.196302 
238.344232 244.034355 226.976027 236.718024 3.080578 0.125000 2.861415 
165.608230 370.565104 180.491431 366.397950 2.888842 0.125000 2.346723 
198.898582 335.209809 206.009907 327.049796 4.348480 0.125000 3.156946 
130.074015 265.877890 135.451341 251.014400 4.376826 0.125000 16.431947 
134.295045 333.097201 144.931986 302.503255 4.108916 0.125000 24.935831 
139.001933 331.677153 132.181693 344.537647 2.995212 0.125000 1.350497 
216.874876 401.811242 231.874820 401.782168 2.526647 0.125000 1.091657 
204.675711 427.743315 224.466574 420.889422 5.905867 0.125000 19.064397 
242.193424 430.446866 218.041738 427.575284 6.917807 0.125000 27.054597 
238.252929 388.994044 245.773958 387.886899 4.256157 0.125000 0.248831 
166.690278 263.620643 175.418760 244.860631 3.636164 0.125000 13.432295 
181.069958 342.480831 186.192454 336.079058 2.888950 0.125000 1.465404 
259.508142 427.161278 245.337834 425.203591 5.979363 0.125000 12.071015 
182.184877 326.830490 187.312225 318.155761 3.435280 0.125000 1.091657 
160.679798 363.182061 149.206861 374.199916 2.874048 0.125000 0.736873 
158.957763 375.885780 148.064078 380.480561 2.789272 0.125000 1.921177 
265.329999 442.998379 279.114201 446.618135 5.471009 0.125000 0.324646 
131.754359 329.318403 126.046072 341.486122 2.724352 0.125000 4.517667 
180.356679 440.922633 202.196256 438.261847 6.172689 0.125000 27.036019 
215.469456 437.891562 230.484525 438.921981 5.159429 0.125000 1.692194 
244.730081 424.993464 235.411771 419.754243 3.675718 0.125000 9.593214 
218.459600 428.547054 209.162533 432.642704 5.341408 0.125000 0.982990 
181.898093 457.041132 207.663178 443.496505 4.950503 0.125000 22.749167 
140.257015 359.048781 147.900853 350.426293 2.401561 0.125000 0.199242 
271.868916 458.162001 235.372503 452.160483 4.073021 0.125000 41.576264 
153.980819 275.483909 161.178244 255.375608 3.778187 0.125000 12.391935 
202.212007 453.892848 178.157973 464.450127 4.381426 0.125000 26.437183 
209.384021 443.793842 228.129504 444.084823 3.788351 0.125000 22.947129 
275.607149 467.036733 231.838484 462.205840 4.429534 0.125000 28.091937 
182.388429 467.969465 202.237840 457.567376 4.641743 0.125000 26.857609 
234.422525 451.803728 203.072293 453.067727 4.643439 0.125000 24.250845 
236.583687 444.375361 249.268810 447.330783 5.720482 0.125000 4.289659 
220.484301 461.360809 180.406733 472.327336 4.480791 0.125000 29.743705 
209.371761 455.550696 224.397699 454.895791 2.987495 0.125000 3.697963 
231.929839 455.318186 244.692380 457.599306 3.602394 0.125000 3.156946 
189.148776 473.581745 222.997686 463.928574 4.630195 0.125000 24.974007 
255.683109 473.769607 240.582272 472.320153 3.205156 0.125000 8.774818 
227.178698 470.411653 204.433611 477.075066 4.859175 0.125000 14.561258 
203.177615 441.987674 195.582628 445.534261 2.868916 0.125000 0.562314 
4.722454 476.875838 4.590181 334.374800 2.602104 0.125000 103.267737 
4.576535 81.877194 4.794347 61.865959 1.413184 0.125000 1.465404 
224.343586 464.641470 233.264330 465.693120 2.482807 0.062500 1.820566 
4.669959 304.375437 4.718143 271.875509 1.298183 0.125000 10.496304 
4.973305 55.636935 4.606729 35.620756 1.524455 0.125000 1.921177 
4.582651 171.875652 4.649361 150.625861 1.297084 0.125000 2.368494 
147.181044 109.162189 145.704667 124.382728 3.611800 0.125000 3.807649 
4.870649 329.372752 4.768581 306.873215 1.352056 0.125000 3.271584 
6.875000 356.875000 6.875000 436.875000 1.250000 0.125000 44.813723 
133.114608 115.625236 133.120932 149.375001 2.505621 0.125000 15.221772 
4.645437 250.630193 4.393610 203.124901 1.475273 0.125000 21.333384 
4.918347 148.147407 4.402339 131.874133 1.566302 0.125000 0.562314 
4.763746 129.373157 4.609635 96.873887 1.392244 0.125000 10.496304 
6.857132 206.875045 6.923093 233.124879 1.256278 0.125000 5.980854 
129.547473 148.087903 128.667043 114.328265 3.488020 0.125000 33.465824 
6.875000 335.625000 6.875000 354.375000 1.250000 0.125000 0.562314 
6.875000 91.875000 6.875000 119.375000 1.250000 0.125000 6.883944 
6.875000 70.625000 6.875000 89.375000 1.250000 0.125000 0.562314 
135.832505 150.640777 137.635084 126.932791 2.587572 0.125000 10.571230 
446.398481 238.133502 446.130545 223.115980 1.472785 0.125000 4.674429 
446.106995 310.629051 446.264552 291.880375 1.407518 0.125000 3.650567 
446.419327 375.646597 445.701586 360.502882 2.495795 0.125000 2.027522 
446.322873 155.629605 446.197676 140.620223 1.375070 0.125000 6.444611 
150.043541 131.956355 150.874794 150.669430 3.218667 0.125000 6.972588 
445.981865 334.386444 446.423622 320.610526 2.658970 0.125000 0.368612 
134.133419 99.345646 132.450605 113.194941 3.386410 0.125000 1.756059 
446.199519 353.139824 445.924725 340.618422 2.691379 0.125000 0.248831 
150.372039 154.401266 151.669436 166.896344 2.873922 0.125000 1.937150 
14.185742 64.349770 12.854071 74.338882 4.485370 0.125000 1.539944 
157.490122 134.399556 157.924607 145.632751 2.643069 0.125000 1.144479 
18.161738 412.059161 20.866690 393.159591 3.360274 0.125000 11.510295 
446.247799 220.626378 446.275466 208.123673 1.277657 0.125000 1.465404 
446.426739 170.640164 446.002938 158.112215 1.671899 0.125000 1.059188 
446.656783 266.880295 446.170999 246.861750 1.643850 0.125000 5.386199 
